| Wednesday 31 December 2025 (31/12/2025)  | 1,438.3900 | 1,444.5500 | 1,449.6900 | 1,438.3900 | 1,444.0400 |
| Tuesday 30 December 2025 (30/12/2025)    | 1,435.1000 | 1,438.3900 | 1,449.4700 | 1,430.7200 | 1,440.0950 |
| Monday 29 December 2025 (29/12/2025)     | 1,441.9800 | 1,435.0500 | 1,441.9800 | 1,429.7100 | 1,435.8450 |
| Friday 26 December 2025 (26/12/2025)     | 1,444.7300 | 1,442.4600 | 1,452.9500 | 1,429.9000 | 1,441.4250 |
| Thursday 25 December 2025 (25/12/2025)   | 1,444.5100 | 1,444.5100 | 1,444.5100 | 1,444.5100 | 1,444.5100 |
| Wednesday 24 December 2025 (24/12/2025)  | 1,480.0200 | 1,444.5100 | 1,480.6300 | 1,443.7500 | 1,462.1900 |
| Tuesday 23 December 2025 (23/12/2025)    | 1,479.4800 | 1,480.0100 | 1,484.5400 | 1,477.9300 | 1,481.2350 |
| Monday 22 December 2025 (22/12/2025)     | 1,475.7600 | 1,479.4700 | 1,481.7300 | 1,475.7600 | 1,478.7450 |
| Friday 19 December 2025 (19/12/2025)     | 1,475.5600 | 1,475.7600 | 1,479.4000 | 1,474.8500 | 1,477.1250 |
| Thursday 18 December 2025 (18/12/2025)   | 1,475.4100 | 1,475.5600 | 1,479.7400 | 1,471.8200 | 1,475.7800 |
| Wednesday 17 December 2025 (17/12/2025)  | 1,473.2100 | 1,475.4100 | 1,482.1700 | 1,471.5700 | 1,476.8700 |
| Tuesday 16 December 2025 (16/12/2025)    | 1,469.1800 | 1,473.2400 | 1,477.2600 | 1,468.5200 | 1,472.8900 |
| Monday 15 December 2025 (15/12/2025)     | 1,474.5900 | 1,469.2200 | 1,477.7300 | 1,462.7100 | 1,470.2200 |
| Friday 12 December 2025 (12/12/2025)     | 1,471.2400 | 1,474.5700 | 1,479.7000 | 1,470.9000 | 1,475.3000 |
| Thursday 11 December 2025 (11/12/2025)   | 1,468.1700 | 1,471.2400 | 1,473.9900 | 1,464.5000 | 1,469.2450 |
| Wednesday 10 December 2025 (10/12/2025)  | 1,469.7000 | 1,468.1000 | 1,472.4500 | 1,464.1800 | 1,468.3150 |
| Tuesday 9 December 2025 (09/12/2025)     | 1,469.5700 | 1,469.7100 | 1,472.4300 | 1,465.5600 | 1,468.9950 |
| Monday 8 December 2025 (08/12/2025)      | 1,473.7900 | 1,469.5700 | 1,473.7900 | 1,465.7200 | 1,469.7550 |
| Friday 5 December 2025 (05/12/2025)      | 1,474.6500 | 1,473.7900 | 1,474.7500 | 1,467.8700 | 1,471.3100 |
| Thursday 4 December 2025 (04/12/2025)    | 1,466.0800 | 1,474.6500 | 1,474.6900 | 1,465.2300 | 1,469.9600 |
| Wednesday 3 December 2025 (03/12/2025)   | 1,468.4000 | 1,466.0800 | 1,471.3100 | 1,463.2500 | 1,467.2800 |
| Tuesday 2 December 2025 (02/12/2025)     | 1,471.3400 | 1,468.4100 | 1,472.9300 | 1,466.5100 | 1,469.7200 |
| Monday 1 December 2025 (01/12/2025)      | 1,467.5500 | 1,471.3400 | 1,471.7900 | 1,464.8000 | 1,468.2950 |
| Friday 28 November 2025 (28/11/2025)     | 1,462.1800 | 1,467.6000 | 1,476.4300 | 1,461.9000 | 1,469.1650 |
| Thursday 27 November 2025 (27/11/2025)   | 1,471.4200 | 1,462.3000 | 1,472.2500 | 1,460.7000 | 1,466.4750 |
| Wednesday 26 November 2025 (26/11/2025)  | 1,464.9200 | 1,471.4100 | 1,475.9200 | 1,457.6300 | 1,466.7750 |
| Tuesday 25 November 2025 (25/11/2025)    | 1,474.6400 | 1,464.8600 | 1,476.4600 | 1,463.6800 | 1,470.0700 |
| Monday 24 November 2025 (24/11/2025)     | 1,469.7400 | 1,474.6400 | 1,479.5600 | 1,469.7400 | 1,474.6500 |
| Friday 21 November 2025 (21/11/2025)     | 1,474.4200 | 1,469.7500 | 1,478.0100 | 1,468.9200 | 1,473.4650 |
| Thursday 20 November 2025 (20/11/2025)   | 1,466.9600 | 1,474.4200 | 1,476.1700 | 1,465.7500 | 1,470.9600 |
| Wednesday 19 November 2025 (19/11/2025)  | 1,459.3800 | 1,466.9500 | 1,470.1200 | 1,458.0200 | 1,464.0700 |
| Tuesday 18 November 2025 (18/11/2025)    | 1,462.2700 | 1,459.3800 | 1,467.3900 | 1,459.0000 | 1,463.1950 |
| Monday 17 November 2025 (17/11/2025)     | 1,449.4400 | 1,462.2600 | 1,463.0300 | 1,449.4400 | 1,456.2350 |
| Friday 14 November 2025 (14/11/2025)     | 1,470.7000 | 1,449.0000 | 1,473.7800 | 1,448.5700 | 1,461.1750 |
| Thursday 13 November 2025 (13/11/2025)   | 1,469.2900 | 1,470.7000 | 1,474.8100 | 1,462.6600 | 1,468.7350 |
| Wednesday 12 November 2025 (12/11/2025)  | 1,460.8200 | 1,469.3700 | 1,469.9500 | 1,460.4400 | 1,465.1950 |
| Tuesday 11 November 2025 (11/11/2025)    | 1,456.6000 | 1,460.8200 | 1,467.3200 | 1,455.6600 | 1,461.4900 |
| Monday 10 November 2025 (10/11/2025)     | 1,455.9900 | 1,456.6000 | 1,457.3800 | 1,450.7100 | 1,454.0450 |
| Friday 7 November 2025 (07/11/2025)      | 1,448.8900 | 1,455.9900 | 1,462.5900 | 1,447.6500 | 1,455.1200 |
| Thursday 6 November 2025 (06/11/2025)    | 1,440.7300 | 1,448.8900 | 1,452.5300 | 1,440.7300 | 1,446.6300 |
| Wednesday 5 November 2025 (05/11/2025)   | 1,443.7900 | 1,440.7200 | 1,449.6200 | 1,439.6600 | 1,444.6400 |
| Tuesday 4 November 2025 (04/11/2025)     | 1,429.9700 | 1,443.7900 | 1,444.1000 | 1,429.9700 | 1,437.0350 |
| Monday 3 November 2025 (03/11/2025)      | 1,429.2000 | 1,429.9600 | 1,432.6800 | 1,425.9000 | 1,429.2900 |
| Friday 31 October 2025 (31/10/2025)      | 1,429.6700 | 1,429.2200 | 1,431.1800 | 1,424.1900 | 1,427.6850 |
| Thursday 30 October 2025 (30/10/2025)    | 1,426.2600 | 1,429.6300 | 1,435.1100 | 1,419.3300 | 1,427.2200 |
| Wednesday 29 October 2025 (29/10/2025)   | 1,431.5500 | 1,426.2600 | 1,435.6300 | 1,419.5100 | 1,427.5700 |
| Tuesday 28 October 2025 (28/10/2025)     | 1,429.6900 | 1,431.5600 | 1,438.9600 | 1,429.0300 | 1,433.9950 |
| Monday 27 October 2025 (27/10/2025)      | 1,439.0200 | 1,429.7100 | 1,439.0200 | 1,428.8500 | 1,433.9350 |
| Friday 24 October 2025 (24/10/2025)      | 1,436.8200 | 1,439.0200 | 1,439.8400 | 1,433.6400 | 1,436.7400 |
| Thursday 23 October 2025 (23/10/2025)    | 1,432.0100 | 1,436.8200 | 1,441.5300 | 1,431.1800 | 1,436.3550 |
| Wednesday 22 October 2025 (22/10/2025)   | 1,431.2600 | 1,432.0100 | 1,433.2500 | 1,427.7800 | 1,430.5150 |
| Tuesday 21 October 2025 (21/10/2025)     | 1,421.2300 | 1,431.2700 | 1,433.0900 | 1,419.7100 | 1,426.4000 |
| Monday 20 October 2025 (20/10/2025)      | 1,421.7400 | 1,421.2400 | 1,424.1300 | 1,417.1000 | 1,420.6150 |
| Friday 17 October 2025 (17/10/2025)      | 1,417.0700 | 1,421.7400 | 1,425.7300 | 1,416.5900 | 1,421.1600 |
| Thursday 16 October 2025 (16/10/2025)    | 1,421.4100 | 1,417.0900 | 1,421.9400 | 1,414.3600 | 1,418.1500 |
| Wednesday 15 October 2025 (15/10/2025)   | 1,428.7700 | 1,421.3900 | 1,430.3500 | 1,418.9900 | 1,424.6700 |
| Tuesday 14 October 2025 (14/10/2025)     | 1,426.5100 | 1,428.7700 | 1,435.7300 | 1,425.6000 | 1,430.6650 |
| Monday 13 October 2025 (13/10/2025)      | 1,429.5600 | 1,426.5000 | 1,432.0900 | 1,423.9100 | 1,428.0000 |
| Friday 10 October 2025 (10/10/2025)      | 1,422.8200 | 1,429.5600 | 1,430.1900 | 1,418.5600 | 1,424.3750 |
| Thursday 9 October 2025 (09/10/2025)     | 1,421.5200 | 1,422.8900 | 1,426.7000 | 1,416.5600 | 1,421.6300 |
| Wednesday 8 October 2025 (08/10/2025)    | 1,416.0700 | 1,421.5200 | 1,427.7600 | 1,415.5800 | 1,421.6700 |
| Tuesday 7 October 2025 (07/10/2025)      | 1,410.6700 | 1,416.0700 | 1,416.6100 | 1,408.1200 | 1,412.3650 |
| Monday 6 October 2025 (06/10/2025)       | 1,407.5400 | 1,410.6700 | 1,415.3000 | 1,407.5400 | 1,411.4200 |
| Friday 3 October 2025 (03/10/2025)       | 1,406.0200 | 1,407.5800 | 1,412.4100 | 1,404.6800 | 1,408.5450 |
| Thursday 2 October 2025 (02/10/2025)     | 1,402.8300 | 1,406.0200 | 1,408.3000 | 1,399.5000 | 1,403.9000 |
| Wednesday 1 October 2025 (01/10/2025)    | 1,404.2400 | 1,402.8300 | 1,409.3500 | 1,400.9900 | 1,405.1700 |
| Tuesday 30 September 2025 (30/09/2025)   | 1,400.0300 | 1,404.2400 | 1,405.4400 | 1,398.9400 | 1,402.1900 |
| Monday 29 September 2025 (29/09/2025)    | 1,409.6900 | 1,400.0300 | 1,409.6900 | 1,398.5800 | 1,404.1350 |
| Friday 26 September 2025 (26/09/2025)    | 1,409.1300 | 1,409.6800 | 1,413.9200 | 1,408.3600 | 1,411.1400 |
| Thursday 25 September 2025 (25/09/2025)  | 1,404.9500 | 1,409.1300 | 1,411.5500 | 1,398.9500 | 1,405.2500 |
| Wednesday 24 September 2025 (24/09/2025) | 1,394.4600 | 1,404.9600 | 1,405.6000 | 1,392.7900 | 1,399.1950 |
| Tuesday 23 September 2025 (23/09/2025)   | 1,391.2000 | 1,394.4600 | 1,395.7700 | 1,389.8500 | 1,392.8100 |
| Monday 22 September 2025 (22/09/2025)    | 1,397.2300 | 1,391.2000 | 1,398.1700 | 1,390.4500 | 1,394.3100 |
| Friday 19 September 2025 (19/09/2025)    | 1,388.2500 | 1,397.2300 | 1,399.7000 | 1,387.7400 | 1,393.7200 |
